#include "GlobalVariable.h"

AgvMoveInfo agi;
std::shared_ptr<open3d::geometry::PointCloud> pcl_ptr = std::make_shared<open3d::geometry::PointCloud>();
std::shared_ptr<open3d::geometry::VoxelGrid> pcl_voxel = std::make_shared<open3d::geometry::VoxelGrid>();
// 相机标定参数
cv::Mat_<double> ThermalMatrix = (cv::Mat_<double>(3, 4) <<
    368.7444368605263, 0, 325.4395613855089, 0,
    0, 368.9379177711992, 230.5242566336948, 0,
    0, 0, 1, 0
    //362.603526874883, 0, 308.8272340130346,0,
    //0, 362.2775565166975, 244.3746561959929,0,
    //0, 0, 1,0
    );
cv::Mat_<double> H_Thermal2Gripper = (cv::Mat_<double>(4, 4) <<
    0.03426379573712479, -0.9991877373850307, 0.02120985056683015, 1.148262405695858,
    0.9993895791204542, 0.03411054029737759, -0.007545872120713683, 50.44269557522379,
    0.006816263428431474, 0.02145545385219471, 0.9997465689127771, 122.9457760029309,
    0, 0, 0, 1
    //- 0.05993009976090447, 0.9981806244183808, 0.00661998326126424, 0.04560630439456581,
    //-0.9981936033915686, -0.05990012364625841, -0.004637384534271066, 15.60199090714927,
    //-0.004232409574200946, -0.006885943863721759, 0.9999673347096401, 126.8956147422384,
    //0, 0, 0, 1

    );
cv::Mat_<double> CameraMatrix = (cv::Mat_<double>(3, 4) <<
    515.7926829145096, 0, 311.2950201322043, 0,
    0, 515.8819301306986, 242.7651852314228, 0,
    0, 0, 1, 0
    );
cv::Mat_<double> H_Camera2Gripper = (cv::Mat_<double>(4, 4) <<
    -0.008204841228842463, 0.9072399528290414, 0.420533409577846, -308.3031964434865,
    -0.9999382862693216, -0.01059392483048338, 0.003345505859840864, 24.46547220900679,
    0.007490275908245775, -0.4204800075478559, 0.9072708851381561, 259.1024205502269,
    0, 0, 0, 1
    );

cv::Mat_<double> CameraMatrix_HD = (cv::Mat_<double>(3, 4) << 
    3530.693460305644, 0, 2061.969658823789, 0,
    0, 3527.670967418047, 1488.517772820037, 0,
    0, 0, 1, 0
    );
cv::Mat_<double> H_Camera2Gripper_HD = (cv::Mat_<double>(4, 4) <<
    0.02757071072220896, -0.8838337766401716, -0.4669879133128004, 251.1016229474902,
    0.9990782228544621, 0.03974064282226442, -0.01622916898805157, -1.384990872888435,
    0.03290228758371971, -0.4661100048036348, 0.8841147566315777, 311.9007547009566,
    0, 0, 0, 1
    );

